9999999999999999999999999999
9443210123454994543210123449
9399991999993993999991999939
9299992999992992999992999929
9199991999991991999991999919
9012210110110110110110122109
9199991991999999991991999919
9299991992999999992991999929
9343210993443993443990123439
9999991999992992999991999999
9999992999991991999992999999
9999992923210000123292999999
9999991919999009999191999999
9543210109321001239010123459
9999991919999999999191999999
9999992901234554321092999999
9999991919999999999191999999
9543210101233993321010123459
9699991999992992999991999969
9699991999991991999991999969
9543990110110110110110993459
9992991991999999991991992999
9991992992999999992992991999
9210123993432992343993210129
9399999999991991999999999939
9456776543210110123456776549
9999999999999999999999999999
